var results =
{
  "34309": [{"Agriculture":11.85},{"Energie":5.59},{"ResTer":12.67},{"Routier":42.45},{"AutresTr":23.4},{"Nature":4.05},],
"34118": [{"Agriculture":13.7},{"Energie":9.5},{"ResTer":4.53},{"Routier":40.66},{"AutresTr":27.75},{"Nature":3.86},],
"34153": [{"Agriculture":12.18},{"Energie":9.8},{"ResTer":22.9},{"Routier":35.69},{"AutresTr":15.69},{"Nature":3.74},],
"34236": [{"Agriculture":2.94},{"Energie":9.58},{"ResTer":12.21},{"Routier":52.74},{"AutresTr":15.95},{"Nature":6.58},],
"34297": [{"Agriculture":1.9},{"Energie":5.31},{"ResTer":13.78},{"Routier":57.25},{"AutresTr":16.77},{"Nature":4.99},],
"34099": [{"Agriculture":8.67},{"Energie":4.25},{"ResTer":17.56},{"Routier":46.11},{"AutresTr":19.72},{"Nature":3.69},],
"34078": [{"Agriculture":3.9},{"Energie":8.43},{"ResTer":20.16},{"Routier":50.57},{"AutresTr":11.25},{"Nature":5.69},],
"34120": [{"Agriculture":1.14},{"Energie":5.63},{"ResTer":21.01},{"Routier":44.56},{"AutresTr":22.32},{"Nature":5.34},],
"34057": [{"Agriculture":2.91},{"Energie":6.29},{"ResTer":22.24},{"Routier":48.02},{"AutresTr":12.7},{"Nature":7.83},],
"34202": [{"Agriculture":2.68},{"Energie":4.08},{"ResTer":24.97},{"Routier":43.21},{"AutresTr":19.77},{"Nature":5.29},],
"34090": [{"Agriculture":3.79},{"Energie":3.98},{"ResTer":21.46},{"Routier":48.56},{"AutresTr":16.52},{"Nature":5.69},],
"34077": [{"Agriculture":3.35},{"Energie":9.32},{"ResTer":10.77},{"Routier":60.93},{"AutresTr":8.58},{"Nature":7.04},],
"34005": [{"Agriculture":12.88},{"Energie":9.64},{"ResTer":11.1},{"Routier":38.07},{"AutresTr":21.47},{"Nature":6.84},],
"34113": [{"Agriculture":13.12},{"Energie":7.26},{"ResTer":21.8},{"Routier":45.67},{"AutresTr":5.06},{"Nature":7.09},],
"34112": [{"Agriculture":8.51},{"Energie":7.63},{"ResTer":21.59},{"Routier":46.28},{"AutresTr":12.53},{"Nature":3.46},],
"34110": [{"Agriculture":7.97},{"Energie":4.01},{"ResTer":17.04},{"Routier":51.89},{"AutresTr":14.2},{"Nature":4.88},],
"34174": [{"Agriculture":4.52},{"Energie":5.51},{"ResTer":16.08},{"Routier":55.81},{"AutresTr":11.34},{"Nature":6.75},],
"34259": [{"Agriculture":4.91},{"Energie":5.98},{"ResTer":15.81},{"Routier":47.55},{"AutresTr":20.07},{"Nature":5.69},],
"34172": [{"Agriculture":11.04},{"Energie":5.45},{"ResTer":19.22},{"Routier":45.76},{"AutresTr":14.55},{"Nature":3.98},],
"34337": [{"Agriculture":8.72},{"Energie":6.31},{"ResTer":22.71},{"Routier":42.29},{"AutresTr":16.28},{"Nature":3.68},],
"34198": [{"Agriculture":12.26},{"Energie":4.01},{"ResTer":13.31},{"Routier":40.67},{"AutresTr":24.34},{"Nature":5.41},],
"34256": [{"Agriculture":6.08},{"Energie":5.91},{"ResTer":12},{"Routier":45.16},{"AutresTr":26.38},{"Nature":4.48},],
"34280": [{"Agriculture":14.48},{"Energie":10.24},{"ResTer":5.78},{"Routier":52.07},{"AutresTr":11.33},{"Nature":6.09},],
"34050": [{"Agriculture":4.39},{"Energie":6.85},{"ResTer":5.04},{"Routier":58.14},{"AutresTr":20.73},{"Nature":4.85},],
"34176": [{"Agriculture":7.6},{"Energie":6.37},{"ResTer":21.34},{"Routier":43.77},{"AutresTr":15.54},{"Nature":5.38},],
"34033": [{"Agriculture":13.58},{"Energie":8.93},{"ResTer":9.33},{"Routier":53.37},{"AutresTr":8.79},{"Nature":5.99},],
"34027": [{"Agriculture":10.06},{"Energie":9.25},{"ResTer":28.98},{"Routier":39.66},{"AutresTr":4.8},{"Nature":7.25},],
"34043": [{"Agriculture":5.51},{"Energie":7.13},{"ResTer":16.44},{"Routier":44.6},{"AutresTr":20.49},{"Nature":5.83},],
"34145": [{"Agriculture":5.62},{"Energie":4.66},{"ResTer":18.02},{"Routier":61.72},{"AutresTr":5.68},{"Nature":4.3},],
"34249": [{"Agriculture":10.86},{"Energie":5.74},{"ResTer":23.85},{"Routier":44.83},{"AutresTr":9.94},{"Nature":4.79},],
"34246": [{"Agriculture":8.09},{"Energie":8.7},{"ResTer":12},{"Routier":55.49},{"AutresTr":9.82},{"Nature":5.9},],
"34288": [{"Agriculture":4.9},{"Energie":4.39},{"ResTer":8.96},{"Routier":58.79},{"AutresTr":17.2},{"Nature":5.76},],
"34024": [{"Agriculture":2.36},{"Energie":7.1},{"ResTer":15.25},{"Routier":51.01},{"AutresTr":19.03},{"Nature":5.25},],
"34290": [{"Agriculture":9.53},{"Energie":5.1},{"ResTer":5.81},{"Routier":50.27},{"AutresTr":24.25},{"Nature":5.05},],
"34248": [{"Agriculture":13.37},{"Energie":9.3},{"ResTer":12.47},{"Routier":52.4},{"AutresTr":7.98},{"Nature":4.48},],
"34102": [{"Agriculture":8.41},{"Energie":4.19},{"ResTer":5.13},{"Routier":53.58},{"AutresTr":21.92},{"Nature":6.76},],
"34343": [{"Agriculture":1.35},{"Energie":5.57},{"ResTer":16.47},{"Routier":60.95},{"AutresTr":8.45},{"Nature":7.21},],
"34177": [{"Agriculture":13.28},{"Energie":9.21},{"ResTer":10.13},{"Routier":53.78},{"AutresTr":8.52},{"Nature":5.08},],
"34342": [{"Agriculture":7.14},{"Energie":7.86},{"ResTer":19.98},{"Routier":37.98},{"AutresTr":21.39},{"Nature":5.66},],
"34169": [{"Agriculture":6.4},{"Energie":11.54},{"ResTer":9.96},{"Routier":49.21},{"AutresTr":16.91},{"Nature":5.98},],
"34163": [{"Agriculture":12.08},{"Energie":3.96},{"ResTer":14.85},{"Routier":41.24},{"AutresTr":24.23},{"Nature":3.65},],
"34321": [{"Agriculture":2.78},{"Energie":8.15},{"ResTer":17.74},{"Routier":58.64},{"AutresTr":4.74},{"Nature":7.95},],
"34095": [{"Agriculture":8.05},{"Energie":4.54},{"ResTer":11.02},{"Routier":56.69},{"AutresTr":12.51},{"Nature":7.18},],
"34295": [{"Agriculture":1.67},{"Energie":9.93},{"ResTer":21.83},{"Routier":58.04},{"AutresTr":4.2},{"Nature":4.34},],
"34242": [{"Agriculture":7.8},{"Energie":8.22},{"ResTer":6.26},{"Routier":56.67},{"AutresTr":12.7},{"Nature":8.36},],
"34179": [{"Agriculture":7},{"Energie":5.16},{"ResTer":22.08},{"Routier":45.73},{"AutresTr":16.38},{"Nature":3.64},],
"34227": [{"Agriculture":3.47},{"Energie":4.9},{"ResTer":27.06},{"Routier":42.64},{"AutresTr":16.68},{"Nature":5.26},],
"34164": [{"Agriculture":7.01},{"Energie":8.34},{"ResTer":17.28},{"Routier":46.03},{"AutresTr":17.3},{"Nature":4.04},],
"34192": [{"Agriculture":10.43},{"Energie":3.89},{"ResTer":4.04},{"Routier":57.36},{"AutresTr":18.28},{"Nature":6},],
"34296": [{"Agriculture":6.18},{"Energie":10.78},{"ResTer":7.26},{"Routier":52.25},{"AutresTr":18.96},{"Nature":4.58},],
"34048": [{"Agriculture":7.04},{"Energie":10.48},{"ResTer":7.12},{"Routier":45.21},{"AutresTr":23.53},{"Nature":6.62},],
"34088": [{"Agriculture":8.24},{"Energie":4.49},{"ResTer":19.14},{"Routier":50.63},{"AutresTr":13.62},{"Nature":3.88},],
"34058": [{"Agriculture":11.97},{"Energie":5.47},{"ResTer":7.9},{"Routier":50.34},{"AutresTr":17.56},{"Nature":6.76},],
"34272": [{"Agriculture":9.57},{"Energie":8.4},{"ResTer":14.25},{"Routier":47.99},{"AutresTr":13.35},{"Nature":6.45},],
"34276": [{"Agriculture":8.12},{"Energie":3.44},{"ResTer":23.24},{"Routier":49.39},{"AutresTr":11.05},{"Nature":4.76},],
"34318": [{"Agriculture":9.3},{"Energie":9.06},{"ResTer":16.11},{"Routier":48.96},{"AutresTr":11.77},{"Nature":4.81},],
"34322": [{"Agriculture":7.76},{"Energie":7.42},{"ResTer":13.92},{"Routier":55.79},{"AutresTr":10.63},{"Nature":4.49},],
"34067": [{"Agriculture":5.12},{"Energie":3.88},{"ResTer":21.81},{"Routier":41.77},{"AutresTr":21.67},{"Nature":5.75},],
"34159": [{"Agriculture":6.09},{"Energie":10.23},{"ResTer":16.74},{"Routier":54.05},{"AutresTr":7.97},{"Nature":4.92},],
"34087": [{"Agriculture":9.25},{"Energie":6.3},{"ResTer":15.34},{"Routier":48.85},{"AutresTr":15.01},{"Nature":5.26},],
"34243": [{"Agriculture":2.77},{"Energie":5.64},{"ResTer":19.92},{"Routier":44.82},{"AutresTr":22.19},{"Nature":4.66},],
"34333": [{"Agriculture":9.56},{"Energie":6.05},{"ResTer":12.65},{"Routier":46.51},{"AutresTr":21.77},{"Nature":3.46},],
"34154": [{"Agriculture":6.36},{"Energie":6.49},{"ResTer":13.34},{"Routier":45.44},{"AutresTr":23.95},{"Nature":4.42},],
"34146": [{"Agriculture":15.75},{"Energie":7.95},{"ResTer":16.26},{"Routier":42.52},{"AutresTr":12.95},{"Nature":4.56},],
"34320": [{"Agriculture":4.98},{"Energie":6.82},{"ResTer":6.76},{"Routier":49.4},{"AutresTr":27.77},{"Nature":4.27},],
"34274": [{"Agriculture":3.02},{"Energie":9.49},{"ResTer":25.03},{"Routier":48.59},{"AutresTr":9.32},{"Nature":4.55},],
"34185": [{"Agriculture":11.14},{"Energie":9.02},{"ResTer":12.5},{"Routier":42.36},{"AutresTr":19.54},{"Nature":5.44},],
"34082": [{"Agriculture":9.49},{"Energie":8.1},{"ResTer":23.87},{"Routier":41.44},{"AutresTr":9.82},{"Nature":7.28},],
"34152": [{"Agriculture":8.46},{"Energie":4.54},{"ResTer":12.37},{"Routier":43.32},{"AutresTr":27.18},{"Nature":4.13},],
"34066": [{"Agriculture":3.53},{"Energie":10.56},{"ResTer":11.33},{"Routier":52.87},{"AutresTr":15.35},{"Nature":6.36},],
"34266": [{"Agriculture":9.27},{"Energie":5.29},{"ResTer":16.99},{"Routier":54.74},{"AutresTr":7.46},{"Nature":6.25},],
"34247": [{"Agriculture":2.91},{"Energie":11.04},{"ResTer":9.85},{"Routier":53.41},{"AutresTr":18.04},{"Nature":4.76},],
"34255": [{"Agriculture":3.62},{"Energie":8.78},{"ResTer":12},{"Routier":56.57},{"AutresTr":12.42},{"Nature":6.61},],
"34314": [{"Agriculture":3.12},{"Energie":8.21},{"ResTer":19.99},{"Routier":59.34},{"AutresTr":4.54},{"Nature":4.8},],
"34131": [{"Agriculture":11.15},{"Energie":6.38},{"ResTer":13.44},{"Routier":56.04},{"AutresTr":7.83},{"Nature":5.17},],
"34116": [{"Agriculture":2.8},{"Energie":8.68},{"ResTer":4.03},{"Routier":51.72},{"AutresTr":26.13},{"Nature":6.65},],
"34039": [{"Agriculture":5.89},{"Energie":6.13},{"ResTer":9.86},{"Routier":57.46},{"AutresTr":15.22},{"Nature":5.44},],
"34023": [{"Agriculture":2.5},{"Energie":7.38},{"ResTer":13.94},{"Routier":58.56},{"AutresTr":12.04},{"Nature":5.57},],
"34042": [{"Agriculture":4.16},{"Energie":6.09},{"ResTer":22.1},{"Routier":43.31},{"AutresTr":18.76},{"Nature":5.58},],
"34128": [{"Agriculture":6.1},{"Energie":9.63},{"ResTer":20.47},{"Routier":47.95},{"AutresTr":11.09},{"Nature":4.76},],
"34111": [{"Agriculture":5.93},{"Energie":6.99},{"ResTer":17.79},{"Routier":48.45},{"AutresTr":15.75},{"Nature":5.09},],
"34171": [{"Agriculture":4.66},{"Energie":4.81},{"ResTer":15.97},{"Routier":44.13},{"AutresTr":23.87},{"Nature":6.56},],
"34282": [{"Agriculture":2.95},{"Energie":11.82},{"ResTer":11.12},{"Routier":59.13},{"AutresTr":7.67},{"Nature":7.31},],
"34108": [{"Agriculture":2.25},{"Energie":11.16},{"ResTer":7.83},{"Routier":63.63},{"AutresTr":8.3},{"Nature":6.83},],
"34123": [{"Agriculture":10.27},{"Energie":6.43},{"ResTer":14.84},{"Routier":44.83},{"AutresTr":17.92},{"Nature":5.71},],
"34129": [{"Agriculture":1.95},{"Energie":4.39},{"ResTer":22.26},{"Routier":53.17},{"AutresTr":14.51},{"Nature":3.72},],
"34330": [{"Agriculture":10.81},{"Energie":5.96},{"ResTer":21.6},{"Routier":42.53},{"AutresTr":14.71},{"Nature":4.4},],
"34014": [{"Agriculture":8.87},{"Energie":7.9},{"ResTer":5.07},{"Routier":45.8},{"AutresTr":24.75},{"Nature":7.61},],
"34151": [{"Agriculture":10.93},{"Energie":6.27},{"ResTer":21.73},{"Routier":43.33},{"AutresTr":13.01},{"Nature":4.73},],
"34127": [{"Agriculture":7.11},{"Energie":5.38},{"ResTer":13.55},{"Routier":52.18},{"AutresTr":16.94},{"Nature":4.85},],
"34327": [{"Agriculture":8.93},{"Energie":6.77},{"ResTer":10.16},{"Routier":39.3},{"AutresTr":28.32},{"Nature":6.51},],
"34217": [{"Agriculture":5.2},{"Energie":7.97},{"ResTer":16.5},{"Routier":40.32},{"AutresTr":23.44},{"Nature":6.57},],
"34134": [{"Agriculture":11.59},{"Energie":5.25},{"ResTer":12.86},{"Routier":46.26},{"AutresTr":19.61},{"Nature":4.43},],
"34240": [{"Agriculture":1.65},{"Energie":4.02},{"ResTer":18.53},{"Routier":53.79},{"AutresTr":16.25},{"Nature":5.75},],
"34270": [{"Agriculture":0.92},{"Energie":5.18},{"ResTer":24.89},{"Routier":44.31},{"AutresTr":18.93},{"Nature":5.78},],
"34022": [{"Agriculture":1.59},{"Energie":5.78},{"ResTer":15.54},{"Routier":50.33},{"AutresTr":21.49},{"Nature":5.27},],
"34244": [{"Agriculture":4.33},{"Energie":5.64},{"ResTer":13.08},{"Routier":54.77},{"AutresTr":13.39},{"Nature":8.77},],
"34263": [{"Agriculture":7},{"Energie":9.39},{"ResTer":18.83},{"Routier":36.01},{"AutresTr":21.87},{"Nature":6.9},],
"34294": [{"Agriculture":11.08},{"Energie":6.18},{"ResTer":11.2},{"Routier":57.17},{"AutresTr":9.27},{"Nature":5.11},],
"34307": [{"Agriculture":8.34},{"Energie":5.1},{"ResTer":23.59},{"Routier":40.38},{"AutresTr":17.82},{"Nature":4.77},],
"34265": [{"Agriculture":10.52},{"Energie":4.71},{"ResTer":11.96},{"Routier":46.3},{"AutresTr":21.6},{"Nature":4.9},],
"34340": [{"Agriculture":4.48},{"Energie":8.31},{"ResTer":11.45},{"Routier":51.08},{"AutresTr":19.17},{"Nature":5.51},],
"34344": [{"Agriculture":9.02},{"Energie":6.06},{"ResTer":10.9},{"Routier":53.2},{"AutresTr":15.52},{"Nature":5.3},]


  
};


